1 24253341
2 170982
3 336929
4 574303
5 792071
6 926455
7 1850511
8 1603585
9 1153691
10 679631
11 3834490
12 4259419
13 14268828
14 14268772
15 11165158
16 10843304
17 9796368
18 10922437
19 8003958
20 3191213
21 5683944
22 5683944
23 7771299
24 5657029
25 6131094
26 4761118
27 5850341
28 105916
29 6688569
30 4662267
31 20251
32 3987349
33 2962225
34 0
35 4354723
36 3519813
37 830866
38 1467996
39 2279537
40 2389588
41 415
42 1544758
43 2615120
44 3034145
45 4220686
46 0
47 1419775
48 1682
49 0
50 1855217
51 71087
52 0
53 868531
54 905560
55 11850
56 0
57 1215185
58 330737
59 24
60 757630
61 407521
62 975780
63 0
64 1568935
65 399838
66 1160827
67 670976
68 54603
69 0
70 399771
71 761084
72 183752
73 154651
74 353177
75 473110
76 311036
77 132107
78 178287
79 283532
80 108447
81 0
82 16302
83 0
84 0
85 45950
86 289090
87 135687
88 124938
89 172968
90 168685
91 121728
92 80547
93 45892
94 102790
95 0
96 0
97 312
98 44358
99 55449
100 22
101 40717
102 56151
103 0
104 950096
105 34913
106 18839
107 41914
108 20049
109 0
110 15675
111 23941
112 32283
113 46913
114 19099
115 39668
116 231551
117 10865
118 8243
119 24091
120 23680
121 67147
122 7298
123 16025
124 4802
125 3332
126 0
127 20766
128 13323
129 0
130 29436
131 0
132 44003
133 17465
134 0
135 12049
136 17045
